0.31139565043660805
-0.091174651983208427
0.9068209274346638
0.95094605681102928
0.001696994144366295
0.30904542667146601
0.013771038445950474
-0.0058608916013995907
-1.1646530801515422
0.087457231007882358
0.94797588632828267
-0.40913341811765724
0.017375054388345756
-0.045666211077096709
-1.158437455835293
-0.1051416146319854
0.94933448926630315
-0.41542436250013104
0.0049305084762430616
0.45909715657316696
-1.1730317295487764
-0.095672991034846736
0.22226290164569798
0.47907264940111133
1.4850534482327515
-0.46250000000000002
-0.028332537521906669
-1.7484656763835269
-0.75878674560101411
-0.049242488097431605
1.1477116977653832
-0.00077460869296522739
0.06797572197773824
-0.0081774277540068684
1.5
0
1.0349999999999999
1
0
0
0
