4.324768429161650607e-01
8.372089515253890646e-04
9.508641648378188815e-01
9.929224842612551782e-01
-9.145021393864602444e-02
-7.489674569962968820e-02
-1.150113484128601100e-02
5.078594961829877019e-02
-1.681280304919925521e-03
3.541662549783958225e-01
8.399070432508004558e-01
-6.938689644744991947e-01
-6.124440604111902609e-02
-2.615225499612798890e-02
1.763223074000875024e-01
1.019093085377879015e-01
4.624369540212813212e-01
-4.794428625940815869e-01
-2.591094717094328398e-02
-1.118103319528980857e-02
-1.959706588435612684e-01
1.958640803751265369e-01
3.046082874703608945e-01
3.391094244224721055e-01
1.655463157318427969e+00
-4.625000000000000222e-01
-2.079605397896609753e-04
-5.117248624232068055e-01
-1.283443215943761428e-01
-1.619608068399151432e-02
8.091411366137201133e-01
-5.392549918862436613e-03
2.672579427527600054e-02
7.199641855912453439e-03
1.500000000000000000e+00
0.000000000000000000e+00
1.034999999999999920e+00
1.000000000000000000e+00
0.000000000000000000e+00
0.000000000000000000e+00
0.000000000000000000e+00
