4.268978251180192696e-01
-9.468315486658097219e-03
9.659110333629525869e-01
9.920808593420099575e-01
-1.088600873047145118e-01
-5.610671985404976081e-02
-2.787626062524220169e-02
7.843912711113644465e-02
-3.187945968576511024e-02
4.092106580980621744e-01
7.799075359733359525e-01
-6.455950298172806745e-01
-8.154414633852037630e-02
2.362175445522872799e-02
2.373598290115538079e-01
1.653494340203801038e-01
2.153205648461000432e-01
-3.341986285626608599e-01
-4.767897126351448162e-02
-2.196293959770430348e-02
-1.564350564855036263e-01
2.274892320341724006e-01
3.372396823743542549e-01
2.675789010874339291e-01
1.645966382638689440e+00
-4.625000000000000222e-01
-1.432322976971142203e-03
-5.427497131911841466e-01
-8.073303461965079808e-02
-1.585060259084333442e-02
8.337311430610052643e-01
-7.012300590943046190e-03
3.620923943439750825e-02
5.879568837972419700e-03
1.500000000000000000e+00
0.000000000000000000e+00
1.034999999999999920e+00
1.000000000000000000e+00
0.000000000000000000e+00
0.000000000000000000e+00
0.000000000000000000e+00
