1.476303801531592685e-01
-8.866929466029769419e-03
8.801647000093998363e-01
9.849895074860374189e-01
2.768865657178635423e-03
1.723208264246138266e-01
-9.671416945029567142e-03
-2.459940683155838539e-02
-1.133665579090717968e+00
1.524422410640463854e-01
1.107118801965393917e+00
-3.141858630478787662e-01
-3.690268798449015801e-04
6.575136779040763324e-02
-1.145567947075039061e+00
-1.490431167650535793e-01
1.118373831158506304e+00
-3.149732261969097613e-01
-2.145851798230369312e-02
-2.311899924247796251e-02
-9.263247025318858130e-01
3.496251288390793133e-01
4.114673227599821015e-01
6.269690436410787493e-01
-1.408785210699990686e-01
-4.625000000000000222e-01
-9.895659468940914971e-01
-1.251162496219336617e+00
-2.496373999964859314e-01
-2.078489320339794305e-02
8.351676890719135216e-01
3.450911650190707889e-04
4.607615728174237202e-02
1.087331382247725721e-02
1.500000000000000000e+00
0.000000000000000000e+00
1.034999999999999920e+00
1.000000000000000000e+00
0.000000000000000000e+00
0.000000000000000000e+00
0.000000000000000000e+00
