4.288972663861914114e-01
3.463104412814747846e-02
9.629326171356525910e-01
9.919194986275758907e-01
-1.102848678034587249e-01
-5.713713388821482775e-02
-2.585157842437410189e-02
7.581204456462052599e-02
-4.805484273783987292e-02
3.545649957153857446e-01
8.329180864155579789e-01
-6.819146710481081008e-01
-2.359814982339725545e-02
1.490891347366758019e-02
2.516559349933237266e-01
1.120201146196824205e-01
1.915484032300987238e-01
-3.213534415007593958e-01
7.469051986311867238e-03
-5.225177186401051832e-03
-1.799022632507852881e-01
1.481152471649005986e-01
3.464457567671470062e-01
1.680048241425128597e-01
2.402806198287851802e-01
-4.625000000000000222e-01
-1.000817293544161046e+00
-5.241975727898176007e-01
-1.643448584194570350e-01
-1.768046974229901813e-02
8.509832567689893379e-01
-4.985142639487827841e-03
4.784471941434499664e-02
7.155393485486291269e-03
1.500000000000000000e+00
0.000000000000000000e+00
1.034999999999999920e+00
1.000000000000000000e+00
0.000000000000000000e+00
0.000000000000000000e+00
0.000000000000000000e+00
