1.461618877139738981e-01
1.544755140007827987e-02
8.800562357370939059e-01
9.852207250983464615e-01
-7.543402938259018489e-03
1.711036436834307006e-01
-2.600582060746604949e-03
-3.869611528774045961e-02
-1.148648531284249819e+00
1.443438395552796571e-01
1.129465371650690608e+00
-3.212083523237513893e-01
2.963890358806812661e-02
5.135634309722292290e-02
-1.128461244058729607e+00
-1.565631756876232072e-01
1.094695791508168758e+00
-3.040135951969086259e-01
8.242787686736021899e-03
-1.815898349997602593e-02
-9.606131350418619652e-01
3.048612112653673600e-01
4.155726537876329174e-01
6.344069161195087236e-01
1.545247219258837790e+00
-4.625000000000000222e-01
-3.099933731985900567e-02
-1.224251399038069676e+00
-3.187180014107449666e-01
-2.068531358823292449e-02
8.369298100413500308e-01
3.035873498227639831e-04
4.675540251743336151e-02
1.084885314508980680e-02
1.500000000000000000e+00
0.000000000000000000e+00
1.034999999999999920e+00
1.000000000000000000e+00
0.000000000000000000e+00
0.000000000000000000e+00
0.000000000000000000e+00
