1.377247552088315397e-01
1.188688338433231337e-02
8.757136796903955966e-01
9.851143943083414678e-01
-5.426246184678198969e-03
1.718141072688925408e-01
-3.138825338163990985e-04
-4.976757440378866415e-02
-1.166355541456191691e+00
1.511265318766814858e-01
1.135518086943808180e+00
-3.104993464685213977e-01
2.559281103256961024e-02
5.437191995745326023e-02
-1.150959653822976270e+00
-1.625150621834114684e-01
1.111140437581924489e+00
-2.994151346444119954e-01
3.945267732503469904e-03
-5.177102809248155732e-03
-1.029450817206074786e+00
1.702297949144578326e-01
5.008569521590006124e-01
4.066220468649940356e-01
2.618149053072647559e-01
-4.625000000000000222e-01
-1.012289999999999912e+00
-1.237961237369856082e+00
-3.328716757382296221e-01
-2.105893977865917407e-02
8.430556894240442967e-01
3.497131111271115588e-04
4.948776743926499438e-02
1.075685153346578500e-02
1.500000000000000000e+00
0.000000000000000000e+00
1.034999999999999920e+00
1.000000000000000000e+00
0.000000000000000000e+00
0.000000000000000000e+00
0.000000000000000000e+00
