4.272946269617100001e-01
-2.174907637027567644e-03
9.656753958146174766e-01
9.920782484344480290e-01
-1.085998804355487318e-01
-5.687404900974868394e-02
-2.742549000213781105e-02
7.824133850931599965e-02
-3.245865474047914673e-02
3.990005623454143668e-01
7.873297319546690431e-01
-6.511588102808848477e-01
-7.174188925062495448e-02
2.196553288471145282e-02
2.410211398737300281e-01
1.553379694467925121e-01
2.119287095382886010e-01
-3.326950390622102072e-01
-3.838394518489426921e-02
-1.911910762603852634e-02
-1.604638808077897272e-01
2.067644028170302073e-01
3.380711800294069480e-01
2.643031025750720020e-01
1.665659348962322595e+00
-4.625000000000000222e-01
-3.840407551210962833e-03
-5.393135483834994304e-01
-9.458381468505411283e-02
-1.606423615337583544e-02
8.367928813370316687e-01
-6.807748862421593959e-03
3.820697728851010777e-02
6.010652876657338745e-03
1.500000000000000000e+00
0.000000000000000000e+00
1.034999999999999920e+00
1.000000000000000000e+00
0.000000000000000000e+00
0.000000000000000000e+00
0.000000000000000000e+00
