1.476406533238152075e-01
-8.029485315197624345e-03
8.801787648775797335e-01
9.849920717399367476e-01
2.391575224523725951e-03
1.723200383809622149e-01
-9.523830626130156893e-03
-2.492797544206955956e-02
-1.134207921260937280e+00
1.522140434599751346e-01
1.107955234610844997e+00
-3.145563324714427123e-01
6.515525621133850392e-04
6.542352325843536764e-02
-1.144996433994524221e+00
-1.492752797387444097e-01
1.117511500354019249e+00
-3.146216467064895661e-01
-2.043370406657140509e-02
-2.314600204551417809e-02
-9.265116761488466635e-01
3.511994480067225921e-01
4.111170123003659582e-01
6.290924916414204482e-01
1.485108459290959360e+00
-4.548682785732290901e-01
-2.443169026859125237e-02
-1.250340285526766682e+00
-2.516400712154722163e-01
-2.078256895220080905e-02
8.351090255991426847e-01
3.450551487869445524e-04
4.605077507340789994e-02
1.087411452432024070e-02
1.500000000000000000e+00
0.000000000000000000e+00
1.034999999999999920e+00
1.000000000000000000e+00
0.000000000000000000e+00
0.000000000000000000e+00
0.000000000000000000e+00
