4.059986273303691218e-01
1.961533508592430350e-02
9.489152315259602455e-01
9.805787636707845589e-01
-1.702707296068116383e-02
1.951476002659941200e-01
-9.632296439075468952e-03
5.004935674568718879e-02
-6.908312921607097090e-01
1.065096366337622141e-01
8.274460049323478783e-01
-5.290500682900721729e-01
1.694868466410020744e-02
-3.710724687940827188e-02
-6.503407478631005878e-01
-7.212819678765808318e-02
7.353105681242675384e-01
-4.740367297728115270e-01
2.022679437524185081e-02
-2.535126042040360128e-02
-7.268240244742828482e-01
1.960538662418113143e-01
4.502755314962887945e-01
3.529568064429125518e-01
-1.209839264654831298e-01
-4.625000000000000222e-01
-9.928916744769337166e-01
-3.476230641232044838e-01
-3.506141097086335479e-01
3.806667498723906307e-02
-2.525142634015754561e-01
6.751718693901559128e-04
2.726081189001603941e-02
1.862753858454070308e-02
1.500000000000000000e+00
0.000000000000000000e+00
1.034999999999999920e+00
1.000000000000000000e+00
0.000000000000000000e+00
0.000000000000000000e+00
0.000000000000000000e+00
