4.067243160237771771e-01
3.277447546297222042e-02
9.489526719066290195e-01
9.818814767200912952e-01
-2.361892577105638089e-02
1.877328149479672026e-01
-1.035867805781609009e-02
4.817565606036999792e-02
-6.815351980362194251e-01
1.071237067857969405e-01
8.483338868377398034e-01
-5.451285167443771229e-01
3.103235230474299042e-02
-3.831228675665832722e-02
-6.212837316110455532e-01
-7.338618037902228108e-02
7.141528215457078055e-01
-4.660937478392146449e-01
3.473296236168824103e-02
-2.539277228225083130e-02
-7.403677776011124978e-01
1.570503365552435859e-01
4.712832454207866451e-01
3.527556358015543903e-01
1.649222760161943802e+00
-4.617540827291446992e-01
-2.085784159365766926e-03
-3.400560508420488737e-01
-3.497753586436607165e-01
7.365465657523022000e-03
-2.136510960432946304e-01
6.157082975024170913e-04
2.724063765404068083e-02
1.744033669206285914e-02
1.500000000000000000e+00
0.000000000000000000e+00
1.034999999999999920e+00
1.000000000000000000e+00
0.000000000000000000e+00
0.000000000000000000e+00
0.000000000000000000e+00
