4.321804484978650218e-01
7.384901481484119901e-02
9.535477153209919177e-01
9.933821225412335920e-01
-1.007911478952815271e-01
-5.368355741581800483e-02
-1.229547821798520311e-02
5.244330438337990036e-02
-7.579860480655706279e-02
2.756397667601708235e-01
8.935893613796864754e-01
-7.198529246248207558e-01
3.515569715501640907e-02
-2.649030598022655489e-02
1.844587797708340526e-01
3.429274435686161665e-02
3.259025757208818819e-01
-3.925687552740095287e-01
6.221435196463055706e-02
1.603014968857852498e-03
-3.050087170000290171e-01
-1.039036848492491255e-01
5.063430166714180114e-01
4.159466253419877302e-01
1.695814102365802295e-02
-4.625000000000000222e-01
-9.998583212386933372e-01
-4.945004194913776296e-01
-2.569600421612416308e-01
-1.849321879512533240e-02
8.305273059441456995e-01
-3.456947638854421766e-03
4.091674868414323096e-02
8.187587110513160765e-03
1.500000000000000000e+00
0.000000000000000000e+00
1.034999999999999920e+00
1.000000000000000000e+00
0.000000000000000000e+00
0.000000000000000000e+00
0.000000000000000000e+00
