1.225272126457708916e-01
-5.820902954077228006e-03
8.805517857082414412e-01
9.880047971337627688e-01
8.544425599916359235e-03
1.526720743401275282e-01
2.155809241383678521e-02
-7.663724782203593100e-02
-1.114182472445709671e+00
1.356274176201761050e-01
1.075914192305004624e+00
-2.636436009173644401e-01
6.844195107968065010e-03
1.551796124687332759e-02
-1.125760837804387293e+00
-1.639238259354640626e-01
1.119456909358277130e+00
-2.956581894771097008e-01
-1.718928677355117257e-02
4.590630480518669010e-02
-9.526017637702328678e-01
-1.696279183225894438e-01
6.088887637697331101e-01
4.948655215503310334e-01
2.469066539596453946e-01
-4.625000000000000222e-01
-1.007113273397498343e+00
-1.212061921615412929e+00
-3.737669209640080981e-01
-3.669441362580631860e-02
8.770835441083316697e-01
-1.461458089446082979e-04
6.373249583128090534e-02
1.796819415917152345e-03
1.500000000000000000e+00
0.000000000000000000e+00
1.034999999999999920e+00
1.000000000000000000e+00
0.000000000000000000e+00
0.000000000000000000e+00
0.000000000000000000e+00
