4.520000000000000684e-01
2.548225535699066846e-02
9.822703064576926435e-01
9.934555361154523423e-01
-1.736364379383467660e-02
1.112536407982978176e-01
-1.916322115102534612e-02
9.441009402339005374e-02
-2.999593444331782321e-01
9.809908317046439619e-02
5.626624340625893117e-01
-4.869870621788578435e-01
2.080780105660039528e-02
-2.989539879506099979e-02
-2.416068988387339023e-01
-8.497806609287569812e-02
4.225234712711217755e-01
-4.014385363474749502e-01
2.949535260264304556e-02
-2.348229709560311143e-02
-1.308999999999999941e+00
-1.221730000000000038e-01
6.108649999999999913e-01
4.188790000000000013e-01
2.617990000000000039e-01
-4.625000000000000222e-01
-1.012289999999999912e+00
-2.725740413126616080e-01
-3.444724621451609736e-01
1.483440069234184533e-01
-2.078825738682230431e-02
6.573493378525352253e-04
2.723017992533834780e-02
1.827643249357433983e-02
1.500000000000000000e+00
0.000000000000000000e+00
1.034999999999999920e+00
1.000000000000000000e+00
0.000000000000000000e+00
0.000000000000000000e+00
0.000000000000000000e+00
