4.315151674166795015e-01
1.359772610778433796e-02
9.937782086676263393e-01
9.965646374703936994e-01
-5.043593523724219235e-03
-7.830155172709057920e-02
-2.650193398602006950e-02
1.319898250352671831e-01
2.502838272539670839e-01
1.211278618580394761e-01
3.149896099329661525e-01
-4.103229068810237412e-01
6.666855787910783669e-03
-2.426321519303482541e-02
2.603175924735001701e-01
-1.198551012020014767e-01
2.684890389210433659e-01
-3.720225568999944166e-01
2.050692751861382321e-02
-2.107544079414533367e-02
-1.308999999999999941e+00
-1.221730000000000038e-01
6.108649999999999913e-01
4.188790000000000013e-01
2.617990000000000039e-01
-4.625000000000000222e-01
-1.012289999999999912e+00
-5.323162741744489335e-01
-9.013794237325024883e-02
-1.909386305609730647e-02
8.275181869576768712e-01
-2.264095350749794049e-03
2.946915998058017086e-02
8.584170240947262484e-03
1.500000000000000000e+00
0.000000000000000000e+00
1.034999999999999920e+00
1.000000000000000000e+00
0.000000000000000000e+00
0.000000000000000000e+00
0.000000000000000000e+00
