4.520000000000000684e-01
2.871852648572533265e-02
9.830863926079399517e-01
9.881422393945228366e-01
-2.099612525041234454e-02
1.508883706396743907e-01
-1.915142434784665101e-02
9.242275772554250923e-02
-3.944286383140467311e-01
9.562067078671139531e-02
5.573776509439770654e-01
-4.675009774796091699e-01
2.520035716205860227e-02
-3.404906013078457666e-02
-3.150017740126909715e-01
-7.394929319369424048e-02
3.759987070571776946e-01
-3.610262237541413399e-01
3.052895044852348833e-02
-2.163963328996887370e-02
-6.058276721423165867e-01
5.938123474087101533e-02
5.995625083138069744e-01
4.089371809254767065e-01
1.812086164169655289e+00
-4.487763193787142058e-01
1.777917325066873389e-01
-2.391564169518699545e-01
-3.483515920570476876e-01
1.023400265675229043e-01
-1.395639163294726259e-01
6.601881351573979980e-04
2.725088609867053549e-02
1.832935467537486277e-02
1.500000000000000000e+00
0.000000000000000000e+00
1.034999999999999920e+00
1.000000000000000000e+00
0.000000000000000000e+00
0.000000000000000000e+00
0.000000000000000000e+00
