4.196485230465690774e-01
1.329970192398788609e-01
9.270488695945378055e-01
9.962668357843774691e-01
-8.231465899091168492e-02
-2.141995635349045780e-03
-2.592490474605774198e-02
7.849299278663844637e-02
-2.841991986181610086e-01
1.395350928912696964e-01
1.049710687294244105e+00
-7.731991581638770761e-01
1.314301561330510904e-01
-2.153588216885856613e-03
-1.060695768079531476e-01
-8.613826191081995487e-02
6.185543744875414696e-01
-5.008844822958545828e-01
1.493717309207748811e-01
-7.773148936361473638e-02
-1.308999999999999941e+00
-1.221730000000000038e-01
6.108649999999999913e-01
4.188790000000000013e-01
2.617990000000000039e-01
-4.625000000000000222e-01
-1.012289999999999912e+00
-6.064622009801898805e-01
-3.061149240516312098e-01
-1.960192095973142812e-02
8.021186520378172924e-01
3.237485205367437589e-04
3.141291604258127784e-02
1.134081608488740275e-02
1.500000000000000000e+00
0.000000000000000000e+00
1.034999999999999920e+00
1.000000000000000000e+00
0.000000000000000000e+00
0.000000000000000000e+00
0.000000000000000000e+00
