4.334552775912419720e-01
6.224651771785554011e-02
9.504291700680527200e-01
9.918772686973228447e-01
-1.108334002281112368e-01
-6.152582322780608681e-02
-1.048877073617564618e-02
4.342898192657519696e-02
-6.178419817033022066e-02
3.188622932902595575e-01
9.109055958898811811e-01
-7.345325828045925487e-01
1.257886089646961456e-02
-2.400396842016026475e-02
2.087146126375628574e-01
7.196482945601978543e-02
3.240034632014616722e-01
-3.981507314813141352e-01
4.465519473229161845e-02
7.854574163162816175e-03
-2.615748510830796514e-01
6.825922774076195743e-02
3.468415076883827330e-01
2.580088432244497243e-01
2.387141588133314118e-01
-4.625000000000000222e-01
-1.001544954608241556e+00
-4.869609356640878239e-01
-2.438659168956256451e-01
-1.909122443895315546e-02
8.378893554832572699e-01
-2.288193073215040799e-03
4.515357755107936299e-02
9.102370995920249300e-03
1.500000000000000000e+00
0.000000000000000000e+00
1.034999999999999920e+00
1.000000000000000000e+00
0.000000000000000000e+00
0.000000000000000000e+00
0.000000000000000000e+00
