4.334113276591288200e-01
2.411049771312207685e-02
9.516726435293599851e-01
9.934158477139870547e-01
-8.320505275048084570e-02
-7.803100687319203255e-02
-1.063177660809404117e-02
5.713878387414923765e-02
7.658352209128275676e-03
3.016914240749099529e-01
8.395301333769524810e-01
-6.977373039454364267e-01
-2.468515663447798034e-02
-2.959659537730018747e-02
1.839946661139911233e-01
5.161871850329984024e-02
4.596189034046069821e-01
-4.786045769105391479e-01
7.196977156212654159e-03
-6.699608360984055273e-03
-2.170511479572699576e-01
6.635362444560699569e-02
3.787781192229288663e-01
3.699209155003798100e-01
-1.159306142861818781e-02
-4.625000000000000222e-01
-9.956976417516436584e-01
-5.048397536848190370e-01
-1.671580858861030083e-01
-1.691220817268371257e-02
8.183092031665381016e-01
-4.699800360120398417e-03
3.219578405805312293e-02
7.606529679655951205e-03
1.500000000000000000e+00
0.000000000000000000e+00
1.034999999999999920e+00
1.000000000000000000e+00
0.000000000000000000e+00
0.000000000000000000e+00
0.000000000000000000e+00
