4.053751802074794797e-01
4.876023473275824943e-03
9.492883051178518938e-01
9.797376764247697212e-01
-9.572537368065554483e-03
1.997589058230131998e-01
-1.090098465839509263e-02
5.771841399253594546e-02
-6.898325181382348736e-01
1.042750657552369009e-01
8.007268394016412438e-01
-5.116429267337405662e-01
1.329115127201308151e-03
-3.047692346351864312e-02
-6.730556116535629796e-01
-7.263265767681700846e-02
7.566171448296139523e-01
-4.829630969589290279e-01
4.170382464844706386e-03
-2.654466396009858356e-02
-6.597819970421391345e-01
2.446820051183413725e-01
4.229219590885683888e-01
2.834384036625207659e-01
1.486089194944484548e+00
-4.568250136892365587e-01
-2.281103569037824103e-02
-3.657913004439768412e-01
-3.536695353854090174e-01
8.775950504435590938e-02
-2.763916447514330743e-01
6.795468334471363404e-04
2.727761898386470846e-02
1.871187900869224902e-02
1.500000000000000000e+00
0.000000000000000000e+00
1.034999999999999920e+00
1.000000000000000000e+00
0.000000000000000000e+00
0.000000000000000000e+00
0.000000000000000000e+00
