4.331897117505602579e-01
9.057790384293657251e-03
9.700459016304960880e-01
9.931321324719997179e-01
-9.727273134806938004e-02
-4.734454644234852710e-02
-4.455420417729788474e-02
1.232668064370091160e-01
-3.279346800773414589e-02
3.548293734539431088e-01
7.503096625268035336e-01
-6.376532406530098784e-01
-5.026423461172897789e-02
4.814406603200187262e-02
2.196801022828321626e-01
1.156752410322715446e-01
2.055502529640009235e-01
-3.273433275707036127e-01
-2.066724911865940734e-02
-4.825045588930906848e-02
-1.061001173572475587e-01
1.195847520610592157e-01
4.367726775103255576e-01
2.050813306942570191e-01
-4.981953671601528633e-02
-4.625000000000000222e-01
-9.948905400201185634e-01
-5.605238085234170997e-01
-6.386156670829117032e-02
-1.585606668526599872e-02
8.313687877204083421e-01
-6.970986567041363713e-03
3.350473659486739864e-02
5.834595656222634971e-03
1.500000000000000000e+00
0.000000000000000000e+00
1.034999999999999920e+00
1.000000000000000000e+00
0.000000000000000000e+00
0.000000000000000000e+00
0.000000000000000000e+00
