4.328197350837881818e-01
1.229523437382083403e-02
9.508271863949732117e-01
9.929454258404092348e-01
-9.121362876767281913e-02
-7.496458338038598790e-02
-1.094378674164694573e-02
5.105472132741298991e-02
-4.567836222896120429e-03
3.380192424082274494e-01
8.486859206026569069e-01
-7.001416060970512278e-01
-4.547760736091224082e-02
-2.726538058755533303e-02
1.799911014725881220e-01
8.650217134837073774e-02
4.543576563887629094e-01
-4.748088369535538034e-01
-1.106680124092889080e-02
-8.840795968900593688e-03
-1.994255446200411674e-01
1.636115730234279919e-01
3.113913654917945251e-01
3.319468457826060259e-01
1.687131877234518074e+00
-4.625000000000000222e-01
-1.799588336981626817e-03
-5.076284203171652631e-01
-1.489097501848195004e-01
-1.647848394159531424e-02
8.136544815351312021e-01
-5.145485752617509102e-03
2.958801050924094594e-02
7.351980995331081591e-03
1.500000000000000000e+00
0.000000000000000000e+00
1.034999999999999920e+00
1.000000000000000000e+00
0.000000000000000000e+00
0.000000000000000000e+00
0.000000000000000000e+00
