4.169587264862471554e-01
1.258116142618633249e-01
9.230175512994227560e-01
9.931843376930830081e-01
-1.111390438379616791e-01
1.148111670218634854e-02
-3.318385533969160639e-02
5.789326486753387097e-02
-3.473955498286164789e-01
2.283149039765768051e-01
1.111568279779177049e+00
-8.007180431272884480e-01
1.056825845897963190e-01
5.889666433073377505e-04
-1.367296421489136993e-01
-5.792464039779142426e-03
6.029710683965620044e-01
-4.815527124904217526e-01
1.283043736950076619e-01
-6.767737321626920988e-02
-4.934531868852701231e-01
-3.574834804404381644e-02
5.720870046270305487e-01
3.181007296650722460e-01
2.374882791317818875e-01
-4.625000000000000222e-01
-1.004966612991282648e+00
-6.061410055859649537e-01
-3.029297270104800432e-01
-1.969865351926295208e-02
8.053907578596832817e-01
3.253957852985559169e-04
3.288806344647243057e-02
1.130343205904934048e-02
1.500000000000000000e+00
0.000000000000000000e+00
1.034999999999999920e+00
1.000000000000000000e+00
0.000000000000000000e+00
0.000000000000000000e+00
0.000000000000000000e+00
