4.052950618391456539e-01
2.618899576677238827e-02
9.494719619406669642e-01
9.797697525640244320e-01
-2.336771591848871635e-02
1.984062986004165030e-01
-1.183733454226273442e-02
4.871852374094780974e-02
-7.044772203044902259e-01
1.144678277603980998e-01
8.375705843210387025e-01
-5.329228162345679420e-01
2.310502454538640796e-02
-3.841181393304254205e-02
-6.476615901936029207e-01
-6.317401610659725830e-02
7.102255362133467198e-01
-4.577726978258955248e-01
2.578134062789696340e-02
-2.231877167521001404e-02
-7.116075084566186870e-01
2.267022399631329899e-01
4.234805379398264846e-01
3.249200371669597187e-01
1.549754782769560801e+00
-4.625000000000000222e-01
-1.641796386981179273e-02
-3.421299218342281345e-01
-3.474914286324111701e-01
1.173702358927108426e-02
-2.455570434964607640e-01
7.338190830106773544e-04
2.456333251919682117e-02
1.909990255134248402e-02
1.500000000000000000e+00
0.000000000000000000e+00
1.034999999999999920e+00
1.000000000000000000e+00
0.000000000000000000e+00
0.000000000000000000e+00
0.000000000000000000e+00
