1.189248727557525032e-01
-1.037256661827186573e-02
8.769622616569944240e-01
9.878667791886397431e-01
1.209296043495862796e-02
1.526397353143381930e-01
2.596339897918248374e-02
-8.636752205699191332e-02
-1.122893111887066864e+00
1.367410534417609624e-01
1.079835796998389830e+00
-2.586071669935515738e-01
1.521349561028259188e-03
1.562672456243404881e-02
-1.141471692705623875e+00
-1.720273901913361714e-01
1.140310062366689969e+00
-3.009938299095831216e-01
-2.203955100165056261e-02
5.520939658579947923e-02
-7.605979762310312031e-01
2.346038353848621805e-01
2.783026503819255315e-01
4.098525611381699241e-01
1.378809267361989388e+00
-4.625000000000000222e-01
-9.444379595469515332e-02
-1.214808716270664668e+00
-3.832417557143694697e-01
-4.014661502419698130e-02
8.719313267661666922e-01
-2.692750762911524042e-04
6.162408218881369054e-02
-2.277491642807361407e-04
1.500000000000000000e+00
0.000000000000000000e+00
1.034999999999999920e+00
1.000000000000000000e+00
0.000000000000000000e+00
0.000000000000000000e+00
0.000000000000000000e+00
