4.332716134577863643e-01
5.539940663718805058e-02
9.790499511889990680e-01
9.945694556037460998e-01
-4.555968036027976259e-02
-8.788422055688090151e-02
-3.212907223445288230e-02
1.347912037401839958e-01
1.425324094783803619e-01
1.700903785070548291e-01
5.957408769561628459e-01
-5.714462325401292730e-01
3.907569721407373048e-02
-3.820677916881589503e-03
3.244277376397098345e-01
-7.429146142949742682e-02
1.846895944210416862e-01
-3.302841631344555773e-01
5.709114871540543756e-02
1.730943888385816712e-02
1.067372448986370070e-02
2.673321174697548732e-03
3.949500422106079767e-01
4.174517368819980478e-01
-6.593444527360934337e-01
-4.625000000000000222e-01
-1.010927647754401137e+00
-5.137490210857189599e-01
-1.826951086141491154e-01
-1.895889002964983375e-02
8.679308620196415358e-01
-3.981241662802760539e-03
5.344957898642586219e-02
7.471128561844028390e-03
1.500000000000000000e+00
0.000000000000000000e+00
1.034999999999999920e+00
1.000000000000000000e+00
0.000000000000000000e+00
0.000000000000000000e+00
0.000000000000000000e+00
