4.335771909270133562e-01
1.553230049178671787e-02
9.715713415658426833e-01
9.905810955337178703e-01
-5.803387965189419490e-02
-1.235797518733124378e-01
-1.045021103609517291e-02
9.561637622019052152e-02
2.113899168114667937e-01
2.570308930237129030e-01
6.215808533945988978e-01
-5.939214790501453622e-01
-2.033707894681282408e-02
-3.076731354152190817e-02
4.082413212150990400e-01
-3.550091303557617638e-04
2.169667350475498191e-01
-3.712677082545767782e-01
4.498466066964175100e-03
4.968245848548327043e-02
5.068620274909289847e-02
9.731546370537667856e-02
2.354500562346976411e-01
2.131868749954479725e-01
1.661864886228573646e+00
-4.583565907927945604e-01
3.688674557335624299e-02
-4.728711703249338094e-01
-1.653925103121133278e-01
-2.100624771885706982e-02
8.890489407358918017e-01
-1.997859177278714978e-03
6.533371564603571158e-02
8.543655026615828291e-03
1.500000000000000000e+00
0.000000000000000000e+00
1.034999999999999920e+00
1.000000000000000000e+00
0.000000000000000000e+00
0.000000000000000000e+00
0.000000000000000000e+00
