4.097538699127893369e-01
9.351216615300908530e-02
9.375314803075124326e-01
9.910470499399767208e-01
-7.232241947298885532e-02
1.097114105519156751e-01
-2.363511881821194968e-02
4.333922491037935087e-02
-5.616453735365320998e-01
1.633107733915000193e-01
1.018112922482453886e+00
-6.836798104511438989e-01
8.615500772022550990e-02
-2.577620491939284011e-02
-4.007055684212434965e-01
-4.420242990893482465e-02
6.500098569403661708e-01
-4.616711210406333477e-01
9.723487124727900333e-02
-3.397148536657388501e-02
-6.936234164756701626e-01
-9.397737016928542353e-02
6.236719063633697768e-01
3.922164242342280893e-01
1.309178909724506568e-01
-4.625000000000000222e-01
-9.989390493127088266e-01
-4.008825288827862487e-01
-3.647960721454725497e-01
-2.393850814293998000e-02
1.922324572364655093e-01
4.296474284718908629e-05
2.703908760680522744e-02
5.979964347379236426e-03
1.500000000000000000e+00
0.000000000000000000e+00
1.034999999999999920e+00
1.000000000000000000e+00
0.000000000000000000e+00
0.000000000000000000e+00
0.000000000000000000e+00
