4.355555348456228160e-01
3.626621700212525473e-02
9.526121538288276902e-01
9.936180784368029428e-01
-6.083284554469379352e-02
-9.451322429029619665e-02
-9.472567800837309107e-03
7.087384055920133152e-02
7.135339435394583152e-02
2.309605978148743521e-01
7.935561098839346572e-01
-6.822196060668580531e-01
3.834634068391743183e-03
-3.538988360298624125e-02
2.112214549465546154e-01
-2.062990544669459497e-02
4.862674251657109203e-01
-5.015101166197403204e-01
3.238819841879056471e-02
-2.868776772219118476e-03
-5.606429351810706535e-02
3.245909185085961435e-02
3.225699475447048603e-01
2.098968438420915628e-01
1.727960185380183367e+00
-4.625000000000000222e-01
1.225076576885960515e-03
-5.013120457978857969e-01
-1.819052327936025448e-01
-1.833821542837367480e-02
8.319797960123445080e-01
-3.221603224020990527e-03
3.938659361344118426e-02
8.420260179850331400e-03
1.500000000000000000e+00
0.000000000000000000e+00
1.034999999999999920e+00
1.000000000000000000e+00
0.000000000000000000e+00
0.000000000000000000e+00
0.000000000000000000e+00
