1.410835088088209788e-01
1.016692390787398391e-02
8.795436281297128733e-01
9.868953007771468222e-01
-3.699483417109475803e-03
1.612774578615336074e-01
3.682487223626477058e-03
-4.983686767073656348e-02
-1.130830270413616612e+00
1.437411222430023672e-01
1.125393713635751691e+00
-3.145408431580331010e-01
2.347243044789335681e-02
4.088073201106937060e-02
-1.118091416810321537e+00
-1.570900142736497695e-01
1.109169575870337487e+00
-3.091739322779288868e-01
2.203765017484050556e-03
6.096076991517113824e-03
-1.308999999999999941e+00
-1.221730000000000038e-01
6.108649999999999913e-01
4.188790000000000013e-01
2.617990000000000039e-01
-4.625000000000000222e-01
-1.012289999999999912e+00
-1.212679791286136011e+00
-3.392993187058441218e-01
-2.336750389804280112e-02
8.526056028227410044e-01
2.895768006795557993e-04
5.356068353944080929e-02
9.479156248925280429e-03
1.500000000000000000e+00
0.000000000000000000e+00
1.034999999999999920e+00
1.000000000000000000e+00
0.000000000000000000e+00
0.000000000000000000e+00
0.000000000000000000e+00
