4.109490708668572800e-01
3.288956808501832668e-02
9.490593619500202749e-01
9.849517703628472010e-01
-1.944724100795013413e-02
1.716155270534580335e-01
-6.318682650431496801e-03
4.576310058264784070e-02
-6.348646616549304955e-01
9.799092448350134321e-02
8.445470353250895679e-01
-5.548988893254230836e-01
3.186119389128347357e-02
-4.110225794866190913e-02
-5.822349830262436576e-01
-8.649986632889103411e-02
7.284932446273745255e-01
-4.868489203146483257e-01
3.755727839245391608e-02
-1.760270497187296432e-02
-7.637159488393037154e-01
6.509320962826256607e-02
5.935103063375274379e-01
4.039030686402461656e-01
1.801092096382800323e+00
-4.582865285681437806e-01
5.641640016082033471e-02
-3.241042252212449903e-01
-3.495948073153934965e-01
6.231355969667877297e-03
-1.893605081861023942e-01
5.917764674016291401e-04
2.723310659258183428e-02
1.696229302304505526e-02
1.500000000000000000e+00
0.000000000000000000e+00
1.034999999999999920e+00
1.000000000000000000e+00
0.000000000000000000e+00
0.000000000000000000e+00
0.000000000000000000e+00
