1.393943570616162642e-01
2.899219763391552504e-02
8.758083469792278253e-01
9.853567637433520154e-01
-1.349141911432685283e-02
1.699635358113925077e-01
1.557642449178762902e-03
-5.277863239914726279e-02
-1.171131947728954126e+00
1.453191242815900786e-01
1.154022412897681038e+00
-3.218280058132245158e-01
4.650993110971066158e-02
4.759576878084678664e-02
-1.132792496366522350e+00
-1.646934379100047363e-01
1.093663284639164068e+00
-2.949186328493803577e-01
2.482847181740138395e-02
-8.903051797453121266e-03
-8.388845469515040509e-01
3.187042408265315374e-01
2.266788447706718779e-01
4.058485892387141969e-01
1.342982408736987709e+00
-4.625000000000000222e-01
-1.495610633631463404e-01
-1.221458232734881744e+00
-3.593386903722370351e-01
-3.099960116061787826e-02
8.512215960378705093e-01
3.480148413437218020e-05
5.297090547901120439e-02
5.060869601518252700e-03
1.500000000000000000e+00
0.000000000000000000e+00
1.034999999999999920e+00
1.000000000000000000e+00
0.000000000000000000e+00
0.000000000000000000e+00
0.000000000000000000e+00
