4.320128851807301662e-01
1.631153931879294680e-02
9.923549383556059533e-01
9.966718084227057517e-01
-8.438949771055146223e-03
-7.615250940398687884e-02
-2.783676945428004493e-02
1.332490010668617164e-01
2.274507495010674452e-01
1.255618711204742333e-01
3.533179122740768840e-01
-4.306988630950068231e-01
8.336380339025261862e-03
-2.008309315234200684e-02
2.529647949499558290e-01
-1.144156920326459825e-01
2.740196183592650825e-01
-3.741769374757694666e-01
2.254978049354430802e-02
-2.119631171530940786e-02
-4.882849133704134786e-02
-4.836563056185291115e-02
6.040834951859083146e-01
4.167999736507171371e-01
1.869203372655652506e+00
-4.385155114266857668e-01
3.067809475152720733e-01
-5.325341714215359179e-01
-9.379633715597361643e-02
-1.873726105458557029e-02
8.242986238010395761e-01
-2.630942366235067276e-03
2.785939026378580347e-02
8.391187059425370479e-03
1.500000000000000000e+00
0.000000000000000000e+00
1.034999999999999920e+00
1.000000000000000000e+00
0.000000000000000000e+00
0.000000000000000000e+00
0.000000000000000000e+00
